-51.629000
-826.478000
-984.708000
614.749000
536.134000
-939.924000
-255.074000
-300.947000
175.487000
257.957000
451.169000
104.364000
-863.454000
-976.675000
128.387000
208.373000
-904.871000
128.100000
-168.446000
884.321000
-218.774000
888.832000
-261.172000
60.833000
381.446000
515.820000
910.141000
-104.582000
-921.915000
-148.532000
690.486000
26.456000
24.990000
-777.870000
157.557000
77.476000
-717.793000
-581.165000
-707.119000
974.046000
676.793000
744.050000
78.411000
813.339000
-716.272000
-276.850000
538.064000
-621.143000
-632.398000
-630.382000
-220.469000
665.180000
-225.198000
518.359000
-273.986000
-843.752000
550.531000
-363.845000
568.018000
628.616000
-996.025000
774.856000
171.424000
28.965000
996.987000
-154.667000
-377.207000
-204.454000
264.168000
-84.326000
-230.408000
-59.039000
176.076000
848.003000
270.652000
459.804000
87.506000
-191.284000
838.662000
455.108000
694.686000
-381.807000
120.289000
-530.512000
-347.096000
-637.345000
142.088000
-796.565000
515.162000
226.459000
-651.597000
519.137000
1.315000
519.827000
64.454000
514.654000
-118.488000
687.247000
-689.800000
-854.320000
